Multisizer	11:18  13 Mar 2019
File name:	C:\Users\Demo\Desktop\Dario_Multisizer\Isoton\.XLS
File ID:	Isoton_BLank
Sample ID:	Isoton_Blank
Control mode:	Volumetric,  50  ul
Acquired:	
Size bins:	400
From	0.600
To	18.00
Sizing threshold:	0.600
Total pulses:	0
Counting threshold:	0.600
Counts above threshold:	284
Coincidence corrected:	284

From	0.600
To	18.00
Number 	247.0
Mean:	0.885
Median:	0.792
D(0,0):	0.863
Mean/Median ratio:	1.116
Mode:	0.667
95% Conf. Limits:	0.845
95% Conf. Limits:	0.924
S.D.:	0.321
Variance:	0.103
C.V.:	36.34
Skewness:	3.165
Kurtosis:	13.93
d10:	0.638
d50:	0.792
d90:	1.198
Specific Surf. Area:	34023

% <	Size 
10	0.638
25	0.687
50	0.792
75	0.976
90	1.198

% >	Size 
10	1.198
25	0.976
50	0.792
75	0.687
90	0.638

Size 	% <
1	75.6
10	100
100	100
1000	100

Size 	% >
0.65	87.2
1	24.4
2	2.19
3	0.39
5	0.13
8	0
10	0
20	0

Bin Volume (Lower)	Diff.	-1 S.D.	+1 S.D.	Diff.	Diff.
um^3	Number	Diff.	Diff.	Number	Number
		Number	Number	%	 per ml
0.113	4	3	5	1.41	29410
0.116	3	0	7	1.29	26730
0.119	4	3	5	1.54	32080
0.122	2	1	4	0.90	18710
0.125	2	1	2	0.64	13370
0.128	3	1	5	1.16	24060
0.132	6	4	8	2.44	50790
0.135	5	3	7	1.80	37430
0.139	2	0	4	0.90	18710
0.142	4	3	6	1.67	34750
0.146	4	1	7	1.41	29410
0.150	5	4	6	1.93	40100
0.154	5	5	6	2.06	42770
0.158	4	2	6	1.54	32080
0.162	4	3	5	1.67	34750
0.166	5	3	7	1.93	40100
0.170	4	3	4	1.41	29410
0.174	4	4	5	1.67	34750
0.179	4	2	6	1.41	29410
0.184	6	6	7	2.44	50790
0.188	2	1	3	0.77	16040
0.193	4	3	5	1.54	32080
0.198	4	2	6	1.54	32080
0.203	3	2	4	1.16	24060
0.209	2	1	2	0.64	13370
0.214	4	4	5	1.67	34750
0.220	4	2	5	1.41	29410
0.225	2	1	4	0.90	18710
0.231	4	2	5	1.41	29410
0.237	5	5	5	1.93	40100
0.243	3	2	4	1.29	26730
0.249	3	2	4	1.29	26730
0.256	5	3	7	1.93	40100
0.262	2	2	3	0.90	18710
0.269	5	3	8	2.06	42770
0.276	5	3	8	2.06	42770
0.283	2	1	4	0.90	18710
0.291	1	1	2	0.51	10690
0.298	2	2	3	0.90	18710
0.306	3	0	6	1.16	24060
0.314	2	1	4	0.90	18710
0.322	2	0	4	0.77	16040
0.330	3	2	5	1.29	26730
0.339	5	1	8	1.80	37430
0.347	2	1	3	0.77	16040
0.356	4	2	6	1.41	29410
0.366	4	3	5	1.67	34750
0.375	3	3	4	1.29	26730
0.385	1	1	2	0.51	10690
0.395	4	1	7	1.54	32080
0.405	1	0	2	0.51	10690
0.415	2	1	3	0.90	18710
0.426	1	0	4	0.51	10690
0.437	2	1	3	0.90	18710
0.448	2	0	5	0.90	18710
0.460	2	1	2	0.64	13370
0.472	0	0	0	0	0
0.484	1	1	1	0.39	8020
0.497	2	0	5	0.77	16040
0.509	2	0	5	0.90	18710
0.523	2	0	3	0.64	13370
0.536	2	0	4	0.90	18710
0.550	3	0	6	1.16	24060
0.564	1	0	1	0.26	5347
0.579	3	0	6	1.03	21390
0.594	2	1	3	0.64	13370
0.609	2	0	3	0.64	13370
0.625	1	0	2	0.39	8020
0.641	2	0	4	0.64	13370
0.657	2	0	4	0.77	16040
0.674	2	1	4	0.90	18710
0.692	1	1	1	0.39	8020
0.710	1	0	1	0.26	5347
0.728	1	0	2	0.51	10690
0.747	1	1	2	0.51	10690
0.766	1	0	2	0.39	8020
0.786	1	0	2	0.39	8020
0.806	1	0	3	0.51	10690
0.827	1	0	2	0.51	10690
0.848	1	0	2	0.39	8020
0.870	1	0	2	0.26	5347
0.893	1	1	2	0.51	10690
0.916	2	1	2	0.64	13370
0.940	0	0	1	0.13	2673
0.964	1	0	2	0.39	8020
0.989	0	0	1	0.13	2673
1.014	1	0	2	0.39	8020
1.041	0	0	1	0.13	2673
1.067	1	1	2	0.51	10690
1.095	0	0	0	0	0
1.123	1	0	2	0.51	10690
1.152	1	1	1	0.39	8020
1.182	1	1	1	0.39	8020
1.213	1	0	2	0.39	8020
1.244	0	0	1	0.13	2673
1.276	0	0	1	0.13	2673
1.309	1	0	2	0.39	8020
1.343	1	0	2	0.26	5347
1.378	0	0	1	0.13	2673
1.413	0	0	0	0	0
1.450	1	0	1	0.26	5347
1.487	0	0	0	0	0
1.526	1	0	2	0.39	8020
1.565	0	0	0	0	0
1.605	0	0	0	0	0
1.647	0	0	0	0	0
1.690	0	0	1	0.13	2673
1.733	1	0	1	0.26	5347
1.778	0	0	0	0	0
1.824	0	0	0	0	0
1.871	0	0	1	0.13	2673
1.919	1	0	2	0.26	5347
1.969	0	0	1	0.13	2673
2.020	0	0	0	0	0
2.072	1	0	1	0.26	5347
2.126	0	0	1	0.13	2673
2.180	0	0	1	0.13	2673
2.237	0	0	1	0.13	2673
2.295	1	0	1	0.26	5347
2.354	1	0	1	0.26	5347
2.415	0	0	0	0	0
2.477	0	0	0	0	0
2.541	0	0	1	0.13	2673
2.607	0	0	1	0.13	2673
2.674	0	0	1	0.13	2673
2.743	0	0	1	0.13	2673
2.814	0	0	1	0.13	2673
2.887	0	0	1	0.13	2673
2.961	0	0	1	0.13	2673
3.038	0	0	0	0	0
3.116	0	0	0	0	0
3.197	1	0	1	0.26	5347
3.279	0	0	0	0	0
3.364	0	0	1	0.13	2673
3.451	0	0	0	0	0
3.540	1	0	3	0.39	8020
3.632	0	0	0	0	0
3.726	0	0	1	0.13	2673
3.822	0	0	0	0	0
3.921	0	0	0	0	0
4.022	0	0	1	0.13	2673
4.126	0	0	0	0	0
4.232	0	0	1	0.13	2673
4.342	0	0	0	0	0
4.454	0	0	0	0	0
4.569	0	0	0	0	0
4.687	0	0	0	0	0
4.808	0	0	1	0.13	2673
4.932	0	0	0	0	0
5.060	0	0	0	0	0
5.191	0	0	0	0	0
5.325	0	0	0	0	0
5.462	0	0	0	0	0
5.603	0	0	0	0	0
5.748	0	0	0	0	0
5.897	0	0	0	0	0
6.049	1	0	2	0.26	5347
6.205	0	0	0	0	0
6.366	0	0	0	0	0
6.530	0	0	0	0	0
6.699	0	0	0	0	0
6.872	0	0	0	0	0
7.049	1	0	2	0.26	5347
7.232	0	0	0	0	0
7.418	0	0	1	0.13	2673
7.610	0	0	0	0	0
7.807	0	0	1	0.13	2673
8.008	0	0	0	0	0
8.215	0	0	0	0	0
8.428	0	0	0	0	0
8.645	0	0	0	0	0
8.869	0	0	0	0	0
9.098	0	0	0	0	0
9.333	0	0	0	0	0
9.574	0	0	0	0	0
9.821	0	0	0	0	0
10.08	0	0	0	0	0
10.34	0	0	1	0.13	2673
10.60	0	0	0	0	0
10.88	0	0	0	0	0
11.16	0	0	0	0	0
11.45	0	0	0	0	0
11.74	1	0	1	0.26	5347
12.04	0	0	0	0	0
12.36	0	0	0	0	0
12.68	0	0	0	0	0
13.00	1	0	2	0.39	8020
13.34	0	0	0	0	0
13.68	0	0	0	0	0
14.04	0	0	0	0	0
14.40	0	0	0	0	0
14.77	0	0	0	0	0
15.15	0	0	0	0	0
15.54	0	0	0	0	0
15.95	0	0	0	0	0
16.36	0	0	0	0	0
16.78	0	0	0	0	0
17.21	0	0	0	0	0
17.66	0	0	0	0	0
18.12	0	0	0	0	0
18.58	0	0	0	0	0
19.06	0	0	0	0	0
19.56	0	0	1	0.13	2673
20.06	0	0	0	0	0
20.58	0	0	0	0	0
21.11	0	0	0	0	0
21.66	0	0	1	0.13	2673
22.22	0	0	0	0	0
22.79	0	0	0	0	0
23.38	0	0	0	0	0
23.98	0	0	0	0	0
24.60	0	0	0	0	0
25.24	0	0	0	0	0
25.89	0	0	0	0	0
26.56	0	0	0	0	0
27.25	0	0	0	0	0
27.95	0	0	0	0	0
28.67	0	0	0	0	0
29.41	0	0	0	0	0
30.17	0	0	0	0	0
30.95	0	0	0	0	0
31.75	0	0	0	0	0
32.57	0	0	0	0	0
33.41	0	0	0	0	0
34.28	0	0	0	0	0
35.16	0	0	0	0	0
36.07	0	0	0	0	0
37.00	0	0	0	0	0
37.96	0	0	0	0	0
38.94	0	0	0	0	0
39.95	0	0	0	0	0
40.98	0	0	0	0	0
42.04	0	0	0	0	0
43.12	0	0	0	0	0
44.24	0	0	0	0	0
45.38	0	0	0	0	0
46.55	0	0	0	0	0
47.76	0	0	0	0	0
48.99	0	0	0	0	0
50.26	0	0	0	0	0
51.55	0	0	0	0	0
52.89	0	0	0	0	0
54.25	0	0	0	0	0
55.66	0	0	0	0	0
57.09	0	0	0	0	0
58.57	0	0	0	0	0
60.08	0	0	0	0	0
61.63	0	0	0	0	0
63.23	0	0	0	0	0
64.86	0	0	0	0	0
66.54	0	0	0	0	0
68.25	0	0	0	0	0
70.02	0	0	0	0	0
71.83	0	0	0	0	0
73.68	0	0	0	0	0
75.59	0	0	0	0	0
77.54	0	0	0	0	0
79.54	0	0	0	0	0
81.60	0	0	0	0	0
83.71	0	0	0	0	0
85.87	0	0	0	0	0
88.09	0	0	0	0	0
90.36	0	0	0	0	0
92.70	0	0	0	0	0
95.09	0	0	0	0	0
97.55	0	0	0	0	0
100.1	0	0	0	0	0
102.7	0	0	0	0	0
105.3	0	0	0	0	0
108.0	0	0	0	0	0
110.8	0	0	0	0	0
113.7	0	0	0	0	0
116.6	0	0	0	0	0
119.6	0	0	0	0	0
122.7	0	0	0	0	0
125.9	0	0	0	0	0
129.1	0	0	0	0	0
132.5	0	0	0	0	0
135.9	0	0	0	0	0
139.4	0	0	0	0	0
143.0	0	0	0	0	0
146.7	0	0	0	0	0
150.5	0	0	0	0	0
154.4	0	0	0	0	0
158.4	0	0	0	0	0
162.5	0	0	0	0	0
166.7	0	0	0	0	0
171.0	0	0	0	0	0
175.4	0	0	0	0	0
179.9	0	0	0	0	0
184.6	0	0	0	0	0
189.4	0	0	0	0	0
194.2	0	0	0	0	0
199.3	0	0	0	0	0
204.4	0	0	0	0	0
209.7	0	0	0	0	0
215.1	0	0	0	0	0
220.7	0	0	0	0	0
226.4	0	0	1	0.13	2673
232.2	0	0	0	0	0
238.2	0	0	0	0	0
244.4	0	0	0	0	0
250.7	0	0	0	0	0
257.2	0	0	0	0	0
263.8	0	0	0	0	0
270.6	0	0	0	0	0
277.6	0	0	0	0	0
284.8	0	0	0	0	0
292.1	0	0	0	0	0
299.7	0	0	0	0	0
307.4	0	0	0	0	0
315.4	0	0	0	0	0
323.5	0	0	0	0	0
331.9	0	0	0	0	0
340.5	0	0	0	0	0
349.3	0	0	0	0	0
358.3	0	0	0	0	0
367.5	0	0	0	0	0
377.0	0	0	0	0	0
386.8	0	0	0	0	0
396.8	0	0	0	0	0
407.0	0	0	0	0	0
417.5	0	0	0	0	0
428.3	0	0	0	0	0
439.4	0	0	0	0	0
450.8	0	0	0	0	0
462.4	0	0	0	0	0
474.3	0	0	0	0	0
486.6	0	0	0	0	0
499.2	0	0	0	0	0
512.1	0	0	0	0	0
525.3	0	0	0	0	0
538.9	0	0	0	0	0
552.8	0	0	0	0	0
567.1	0	0	0	0	0
581.7	0	0	0	0	0
596.8	0	0	0	0	0
612.2	0	0	0	0	0
628.0	0	0	0	0	0
644.2	0	0	0	0	0
660.9	0	0	0	0	0
677.9	0	0	0	0	0
695.4	0	0	0	0	0
713.4	0	0	0	0	0
731.9	0	0	0	0	0
750.8	0	0	0	0	0
770.2	0	0	0	0	0
790.1	0	0	0	0	0
810.5	0	0	0	0	0
831.4	0	0	0	0	0
852.9	0	0	0	0	0
874.9	0	0	0	0	0
897.5	0	0	0	0	0
920.7	0	0	0	0	0
944.5	0	0	0	0	0
968.9	0	0	0	0	0
994.0	0	0	0	0	0
1020	0	0	0	0	0
1046	0	0	0	0	0
1073	0	0	0	0	0
1101	0	0	0	0	0
1129	0	0	0	0	0
1158	0	0	0	0	0
1188	0	0	0	0	0
1219	0	0	0	0	0
1250	0	0	0	0	0
1283	0	0	0	0	0
1316	0	0	0	0	0
1350	0	0	0	0	0
1385	0	0	0	0	0
1421	0	0	0	0	0
1457	0	0	0	0	0
1495	0	0	0	0	0
1534	0	0	0	0	0
1573	0	0	0	0	0
1614	0	0	0	0	0
1656	0	0	0	0	0
1698	0	0	0	0	0
1742	0	0	0	0	0
1787	0	0	0	0	0
1833	0	0	0	0	0
1881	0	0	0	0	0
1929	0	0	0	0	0
1979	0	0	0	0	0
2030	0	0	0	0	0
2083	0	0	0	0	0
2137	0	0	0	0	0
2192	0	0	0	0	0
2248	0	0	0	0	0
2306	0	0	0	0	0
2366	0	0	0	0	0
2427	0	0	0	0	0
2490	0	0	0	0	0
2554	0	0	0	0	0
2620	0	0	0	0	0
2688	0	0	0	0	0
2757	0	0	0	0	0
2829	0	0	0	0	0
2902	0	0	0	0	0
2977	0	0	0	0	0
3054					

